5000.0
5000.0
5000.0
5000.0
5000.0
5000.0
5000.0
5000.0
5000.0
5000.0
5000.0
5000.0
5000.0
5000.0
5000.0
5000.0
5000.0
5000.0
5000.0
5000.0
5000.0
5000.0
5000.0
5000.0
5000.0
5000.0
5000.0
5000.0
5000.0
5000.0
5000.0
5000.0
5000.0
5000.0
5000.0
5000.0
5000.0
5000.0
5000.0
5000.0
5000.0
5000.0
5000.0
5000.0
5000.0
5000.0
5000.0
5000.0
5000.0
5000.0
5000.0
5000.0
5000.0
5000.0
5000.0
5000.0
5000.0
5000.0
5000.0
5000.0
5000.0
5000.0
5000.0
5000.0
5000.0
5000.0
5000.0
182.0
180.0
190.0
5000.0
5000.0
5000.0
5000.0
5000.0
5000.0
5000.0
5000.0
5000.0
5000.0
5000.0
5000.0
177.0
5000.0
5000.0
5000.0
175.0
184.0
5000.0
175.0
182.0
171.0
175.0
172.0
184.0
176.0
175.0
170.0
156.0
216.0
193.0
153.0
162.0
5000.0
5000.0
5000.0
5000.0
5000.0
5000.0
5000.0
5000.0
5000.0
5000.0
113.0
182.0
185.0
185.0
187.0
185.0
5000.0
5000.0
5000.0
5000.0
5000.0
5000.0
5000.0
5000.0
5000.0
5000.0
155.0
179.0
181.0
172.0
184.0
174.0
169.0
5000.0
176.0
172.0
191.0
169.0
183.0
174.0
145.0
147.0
1458.0
5000.0
5000.0
5000.0
5000.0
5000.0
5000.0
5000.0
5000.0
5000.0
5000.0
5000.0
5000.0
86.0
179.0
182.0
176.0
137.0
148.0
140.0
182.0
140.0
150.0
139.0
139.0
172.0
140.0
138.0
126.0
249.0
126.0
119.0
124.0
146.0
127.0
134.0
125.0
128.0
130.0
127.0
5000.0
127.0
140.0
157.0
152.0
169.0
210.0
153.0
129.0
110.0
133.0
195.0
181.0
154.0
133.0
163.0
123.0
180.0
126.0
123.0
133.0
114.0
127.0
123.0
122.0
122.0
131.0
123.0
131.0
123.0
120.0
127.0
5000.0
2788.0
2767.0
92.0
110.0
109.0
110.0
116.0
115.0
131.0
188.0
118.0
110.0
118.0
5000.0
87.0
142.0
221.0
126.0
116.0
5000.0
5000.0
5000.0
5000.0
5000.0
5000.0
5000.0
5000.0
5000.0
5000.0
163.0
5000.0
5000.0
5000.0
5000.0
5000.0
5000.0
5000.0
5000.0
5000.0
5000.0
5000.0
5000.0
144.0
147.0
203.0
136.0
126.0
117.0
196.0
118.0
123.0
128.0
120.0
117.0
128.0
68.0
7.0
190.0
120.0
155.0
123.0
124.0
119.0
5000.0
5000.0
5000.0
5000.0
5000.0
5000.0
5000.0
5000.0
5000.0
5000.0
175.0
170.0
168.0
5000.0
5000.0
5000.0
235.0
212.0
213.0
5000.0
5000.0
5000.0
5000.0
5000.0
5000.0
2698.0
2694.0
2702.0
2714.0
2716.0
2736.0
2713.0
5000.0
2705.0
5000.0
5000.0
5000.0
5000.0
5000.0
5000.0
5000.0
5000.0
5000.0
5000.0
116.0
5000.0
5000.0
1451.0
119.0
111.0
119.0
113.0
111.0
111.0
97.0
104.0
110.0
116.0
97.0
97.0
96.0
95.0
98.0
112.0
97.0
159.0
95.0
96.0
100.0
98.0
98.0
96.0
2729.0
103.0
98.0
102.0
104.0
96.0
4932.0
97.0
98.0
95.0
96.0
5000.0
5000.0
5000.0
5000.0
5000.0
5000.0
5000.0
5000.0
5000.0
5000.0
4332.0
4339.0
1411.0
1416.0
1424.0
1413.0
1411.0
1404.0
1396.0
1398.0
2704.0
1409.0
1402.0
1409.0
1423.0
1413.0
1404.0
1400.0
162.0
1394.0
1388.0
100.0
91.0
92.0
62.0
59.0
62.0
61.0
59.0
60.0
60.0
58.0
60.0
61.0
59.0
59.0
61.0
59.0
61.0
61.0
60.0
1407.0
43.0
47.0
42.0
42.0
42.0
45.0
47.0
3089.0
42.0
42.0
44.0
45.0
46.0
43.0
44.0
41.0
40.0
44.0
42.0
39.0
41.0
44.0
39.0
43.0
43.0
43.0
44.0
61.0
39.0
40.0
39.0
40.0
41.0
39.0
3094.0
40.0
40.0
41.0
40.0
5000.0
5000.0
5000.0
5000.0
48.0
45.0
42.0
44.0
1447.0
91.0
42.0
90.0
43.0
41.0
40.0
42.0
42.0
40.0
44.0
97.0
40.0
40.0
4338.0
41.0
42.0
83.0
87.0
87.0
90.0
92.0
89.0
59.0
57.0
61.0
59.0
58.0
56.0
59.0
57.0
59.0
60.0
67.0
60.0
60.0
67.0
60.0
58.0
88.0
60.0
45.0
46.0
42.0
43.0
26.0
23.0
24.0
25.0
24.0
24.0
23.0
24.0
4343.0
24.0
23.0
24.0
25.0
26.0
24.0
27.0
25.0
26.0
25.0
26.0
27.0
26.0
25.0
25.0
27.0
25.0
30.0
25.0
25.0
26.0
26.0
26.0
27.0
84.0
95.0
80.0
80.0
82.0
80.0
83.0
70.0
81.0
196.0
98.0
113.0
5000.0
5000.0
5000.0
5000.0
5000.0
5000.0
5000.0
5000.0
5000.0
5000.0
5000.0
5000.0
5000.0
5000.0
5000.0
5000.0
5000.0
5000.0
5000.0
5000.0
5000.0
5000.0
5000.0
5000.0
5000.0
5000.0
5000.0
5000.0
5000.0
5000.0
5000.0
5000.0
5000.0
5000.0
5000.0
5000.0
5000.0
5000.0
5000.0
5000.0
5000.0
5000.0
5000.0
5000.0
5000.0
5000.0
5000.0
5000.0
5000.0
5000.0
5000.0
5000.0
5000.0
5000.0
5000.0
5000.0
5000.0
5000.0
5000.0
5000.0
5000.0
5000.0
5000.0
246.0
5000.0
5.0
5000.0
5000.0
5000.0
5000.0
5000.0
5000.0
5000.0
113.0
5.0
5.0
5.0
94.0
5.0
1483.0
1470.0
5.0
5.0
5000.0
5000.0
5000.0
5000.0
5000.0
5000.0
5000.0
5000.0
5000.0
5000.0
5000.0
5000.0
5000.0
5000.0
5000.0
5000.0
5000.0
97.0
103.0
97.0
98.0
104.0
95.0
5000.0
5000.0
5000.0
101.0
105.0
112.0
98.0
5000.0
5000.0
5000.0
5000.0
5000.0
5000.0
5000.0
5000.0
5000.0
5000.0
5000.0
118.0
112.0
125.0
111.0
115.0
116.0
96.0
111.0
111.0
112.0
111.0
96.0
112.0
118.0
111.0
120.0
107.0
112.0
111.0
114.0
109.0
5000.0
5000.0
5000.0
104.0
121.0
2704.0
130.0
124.0
2741.0
121.0
122.0
124.0
128.0
120.0
119.0
120.0
119.0
126.0
69.0
84.0
126.0
9.0
121.0
125.0
127.0
121.0
2741.0
8.0
122.0
128.0
128.0
119.0
126.0
6.0
120.0
121.0
119.0
11.0
8.0
2724.0
8.0
6.0
8.0
6.0
131.0
11.0
7.0
8.0
8.0
118.0
8.0
8.0
8.0
8.0
8.0
9.0
8.0
3.0
8.0
1419.0
9.0
3.0
4.0
3.0
4.0
4.0
4.0
5000.0
4.0
6.0
4.0
4.0
9.0
11.0
9.0
125.0
7.0
7.0
4.0
3.0
3.0
4.0
121.0
3.0
4.0
5.0
4.0
4.0
4.0
3.0
2715.0
4.0
4.0
3262.0
5.0
4.0
3.0
4.0
4.0
3.0
3.0
4.0
6.0
5.0
3.0
4.0
103.0
7.0
7.0
7.0
6.0
8.0
9.0
9.0
5.0
8.0
9.0
83.0
9.0
6.0
7.0
7.0
10.0
4.0
4.0
8.0
9.0
5.0
7.0
4.0
6.0
8.0
3.0
4.0
82.0
4.0
4.0
3.0
3.0
4.0
4.0
4.0
5000.0
5000.0
5000.0
5000.0
5000.0
5000.0
5000.0
5000.0
5000.0
5000.0
5000.0
27.0
23.0
25.0
26.0
26.0
25.0
26.0
27.0
25.0
31.0
27.0
26.0
27.0
28.0
27.0
26.0
22.0
23.0
29.0
26.0
26.0
24.0
23.0
22.0
21.0
21.0
23.0
22.0
42.0
21.0
26.0
5000.0
5000.0
5000.0
26.0
27.0
32.0
27.0
27.0
27.0
26.0
27.0
2721.0
28.0
28.0
26.0
28.0
22.0
21.0
21.0
42.0
45.0
25.0
22.0
23.0
25.0
22.0
22.0
8.0
2704.0
45.0
22.0
5000.0
5000.0
5000.0
5000.0
5000.0
5000.0
5000.0
5000.0
5000.0
5000.0
41.0
28.0
27.0
23.0
26.0
21.0
25.0
28.0
28.0
24.0
21.0
21.0
22.0
21.0
21.0
21.0
21.0
23.0
23.0
27.0
26.0
26.0
27.0
26.0
45.0
27.0
28.0
23.0
23.0
24.0
23.0
22.0
23.0
23.0
27.0
22.0
27.0
43.0
21.0
23.0
22.0
24.0
1803.0
26.0
21.0
22.0
25.0
22.0
22.0
38.0
22.0
22.0
26.0
1781.0
26.0
26.0
5000.0
219.0
26.0
21.0
23.0
21.0
5000.0
26.0
5000.0
2708.0
5000.0
5000.0
50.0
42.0
44.0
45.0
43.0
46.0
42.0
4.0
3093.0
