9000.0
9000.0
9000.0
9000.0
9000.0
9000.0
9000.0
9000.0
9000.0
9000.0
9000.0
9000.0
4646.0
4676.0
9000.0
9000.0
9000.0
9000.0
9000.0
3073.0
3059.0
3018.0
3017.0
3017.0
3075.0
9000.0
3030.0
9000.0
9000.0
9000.0
9000.0
9000.0
9000.0
9000.0
9000.0
9000.0
3042.0
3164.0
3155.0
3024.0
2891.0
2859.0
2861.0
9000.0
2965.0
9000.0
1558.0
9000.0
9000.0
96.0
95.0
1537.0
96.0
100.0
101.0
99.0
45.0
3345.0
48.0
94.0
94.0
103.0
101.0
3320.0
100.0
9000.0
100.0
9000.0
9000.0
109.0
100.0
83.0
3333.0
4597.0
81.0
89.0
82.0
4572.0
87.0
83.0
82.0
83.0
85.0
84.0
86.0
9000.0
9000.0
9000.0
9000.0
2873.0
100.0
9000.0
98.0
9000.0
9000.0
9000.0
9000.0
4586.0
4670.0
4607.0
1519.0
1536.0
1534.0
1535.0
1530.0
1561.0
1538.0
79.0
1567.0
62.0
9000.0
73.0
9000.0
9000.0
9000.0
9000.0
9000.0
9000.0
9000.0
9000.0
9000.0
9000.0
9000.0
9000.0
9000.0
9000.0
9000.0
9000.0
80.0
83.0
81.0
85.0
78.0
79.0
81.0
82.0
83.0
9000.0
87.0
78.0
80.0
86.0
82.0
79.0
9000.0
83.0
82.0
80.0
81.0
81.0
82.0
81.0
79.0
84.0
84.0
81.0
78.0
9000.0
96.0
9000.0
9000.0
9000.0
9000.0
9000.0
4596.0
4639.0
4635.0
9000.0
9000.0
9000.0
9000.0
9000.0
9000.0
9000.0
9000.0
85.0
82.0
82.0
81.0
62.0
62.0
64.0
62.0
63.0
66.0
82.0
81.0
98.0
96.0
65.0
65.0
82.0
67.0
61.0
89.0
9000.0
69.0
80.0
67.0
9000.0
